chr13	51468368	51468771	1	1	1	1	0	4
chr2	223758751	223770196	2	2	1	1	0	7
chr21	6454074	6454630	2	2	1	0	1	23
chr21	8209995	8210089	2	2	0	0	1	51
chr21	8210877	8255085	2	2	0	0	1	40
chr21	8214266	8258487	1	1	0	0	1	35
chr21	8214318	8258495	1	1	0	0	1	12
chr21	8214851	8259028	1	1	0	0	1	29
chr21	8215885	8260114	1	1	0	0	1	19
chr21	8217370	8400398	0	0	0	0	9	47
chr21	8217991	8218020	2	4	0	0	1	29
chr21	8218490	8260447	1	1	0	0	1	42
chr21	8393030	8393124	2	2	0	0	1	51
chr21	8393912	8438122	2	2	0	0	1	40
chr21	8397304	8441524	1	1	0	0	1	35
chr21	8397356	8441532	1	1	0	0	1	12
chr21	8397885	8442063	1	1	0	0	1	29
chr21	8398919	8443148	1	1	0	0	1	19
chr21	8401029	8401058	2	4	0	0	1	29
chr21	8401528	8443487	1	1	0	0	1	42
chr21	8418640	8445300	2	2	0	0	1	16
chr21	8437240	8437334	2	2	0	0	1	51
chr21	8445261	8445290	2	4	0	0	1	29
chr21	43062396	43062952	2	2	1	0	1	23
chr21	45488445	45489485	1	1	1	0	1	4
chr21	45489522	45490274	1	1	1	0	1	38
chr21	45490347	45490835	1	1	1	0	1	10
chr22_KI270733v1_random	126295	126389	2	2	0	0	1	51
chr22_KI270733v1_random	127177	172258	2	2	0	0	1	40
chr22_KI270733v1_random	130582	175661	1	1	0	0	1	35
chr22_KI270733v1_random	130634	175669	1	1	0	0	1	12
chr22_KI270733v1_random	131173	176200	1	1	0	0	1	29
chr22_KI270733v1_random	132206	177285	1	1	0	0	1	19
chr22_KI270733v1_random	134329	134358	2	4	0	0	1	29
chr22_KI270733v1_random	134828	177623	1	1	0	0	1	42
chr22_KI270733v1_random	171376	171470	2	2	0	0	1	51
chr22_KI270733v1_random	179408	179437	2	4	0	0	1	29
chr5	104080125	104080907	1	1	1	1	0	6
chr7	77312203	77313487	2	2	1	1	0	6
chrUn_GL000220v1	109442	109536	2	2	0	0	1	51
chrUn_GL000220v1	110324	154296	2	2	0	0	1	40
chrUn_GL000220v1	113726	157698	1	1	0	0	1	35
chrUn_GL000220v1	113778	157706	1	1	0	0	1	12
chrUn_GL000220v1	114317	158237	1	1	0	0	1	29
chrUn_GL000220v1	115350	159322	1	1	0	0	1	19
chrUn_GL000220v1	116842	160807	0	0	0	0	9	47
chrUn_GL000220v1	117466	117495	2	4	0	0	1	29
chrUn_GL000220v1	117965	159661	1	1	0	0	1	42
chrUn_GL000220v1	153414	153508	2	2	0	0	1	51
chrUn_GL000220v1	161438	161467	2	4	0	0	1	29
chrX	49246926	49247495	1	1	1	1	0	7
chr21_ML143377v1_fix	440155	440249	2	2	0	0	1	51
chr21_ML143377v1_fix	441037	485247	2	2	0	0	1	40
chr21_ML143377v1_fix	444429	488649	1	1	0	0	1	35
chr21_ML143377v1_fix	444481	488657	1	1	0	0	1	12
chr21_ML143377v1_fix	445010	489188	1	1	0	0	1	29
chr21_ML143377v1_fix	446044	490273	1	1	0	0	1	19
chr21_ML143377v1_fix	448154	448183	2	4	0	0	1	29
chr21_ML143377v1_fix	448653	490612	1	1	0	0	1	42
chr21_ML143377v1_fix	465765	492425	2	2	0	0	1	16
chr21_ML143377v1_fix	484365	484459	2	2	0	0	1	51
chr21_ML143377v1_fix	492386	492415	2	4	0	0	1	29
chr21_MU273392v1_fix	105680	106720	1	1	1	0	1	4
chr21_MU273392v1_fix	106757	107509	1	1	1	0	1	38
chr21_MU273392v1_fix	107582	108070	1	1	1	0	1	10
